>TAL1_known4	TAL1_4	TAL1_transfac_M00993
R 0.600000 0.000000 0.400000 0.000000
N 0.200000 0.200000 0.400000 0.200000
C 0.000000 1.000000 0.000000 0.000000
A 1.000000 0.000000 0.000000 0.000000
G 0.000000 0.000000 1.000000 0.000000
V 0.400000 0.400000 0.200000 0.000000
T 0.000000 0.000000 0.000000 1.000000
G 0.000000 0.000000 1.000000 0.000000
G 0.000000 0.000000 1.000000 0.000000
H 0.500000 0.250000 0.000000 0.250000
>TAL1_known5	TAL1_5	TAL1::TCF3_jaspar_MA0091.1
N 0.295455 0.318182 0.181818 0.204545
V 0.204545 0.227273 0.454545 0.113636
A 0.886364 0.000000 0.068182 0.045455
M 0.454545 0.545455 0.000000 0.000000
C 0.000000 0.977273 0.022727 0.000000
A 1.000000 0.000000 0.000000 0.000000
K 0.000000 0.022727 0.250000 0.727273
M 0.272727 0.727273 0.000000 0.000000
T 0.000000 0.000000 0.000000 1.000000
G 0.000000 0.000000 0.977273 0.022727
K 0.000000 0.068182 0.454545 0.477273
T 0.090909 0.090909 0.045455 0.772727
